216
210
311
396
275
0
0
0
405
461
0
0
48
669
510
0
10
0
251
1023
874
755
757
660
983
724
52
761
843
33
998
229
624
749
815
161
0
136
196
147
191
786
603
469
416
370
392
330
212
283
311
261
227
218
163
153
134
135
164
161
152
161
70
54
159
190
206
218
106
97
218
131
137
228
256
222
216
241
173
174
202
210
169
338
733
401
342
225
0
0
256
358
330
358
472
0
106
684
758
1023
1023
996
948
885
844
800
557
988
564
263
314
328
282
247
188
229
276
430
337
238
193
188
151
181
265
251
918
419
669
605
273
221
417
494
715
516
36
194
30
179
1023
798
597
589
486
1023
1023
1021
1023
439
991
634
94
840
624
1023
536
485
491
541
542
555
547
564
504
545
709
626
689
633
619
568
572
590
585
581
578
609
662
626
485